+---------+---------------+----------+
17:28:25,512,813   ETHER
|0   |01|00|5e|7f|ff|fa|e4|60|17|75|86|b8|08|00|45|00|00|a5|27|14|00|00|04|11|00|00|0a|25|87|72|ef|ff|ff|fa|cf|0e|07|6c|00|91|b4|a1|4d|2d|53|45|41|52|43|48|20|2a|20|48|54|54|50|2f|31|2e|31|0d|0a|48|6f|73|74|3a|20|32|33|39|2e|32|35|35|2e|32|35|35|2e|32|35|30|3a|31|39|30|30|0d|0a|53|54|3a|20|75|72|6e|3a|73|63|68|65|6d|61|73|2d|75|70|6e|70|2d|6f|72|67|3a|64|65|76|69|63|65|3a|49|6e|74|65|72|6e|65|74|47|61|74|65|77|61|79|44|65|76|69|63|65|3a|31|0d|0a|4d|61|6e|3a|20|22|73|73|64|70|3a|64|69|73|63|6f|76|65|72|22|0d|0a|4d|58|3a|20|33|0d|0a|0d|0a|

+---------+---------------+----------+
17:28:25,939,469   ETHER
|0   |ff|ff|ff|ff|ff|ff|d0|88|0c|7c|9e|51|08|00|45|00|00|60|44|52|00|00|40|11|b6|20|c0|a8|fe|c9|c0|a8|ff|ff|00|89|00|89|00|4c|8b|8d|45|75|30|10|00|01|00|00|00|00|00|01|20|45|4e|45|42|45|44|45|43|45|50|45|50|45|4c|45|42|45|4a|46|43|43|4e|44|4a|45|46|44|46|44|42|41|41|00|00|20|00|01|c0|0c|00|20|00|01|00|00|00|00|00|06|60|00|c0|a8|fe|c9|

+---------+---------------+----------+
17:28:26,053,803   ETHER
|0   |01|00|5e|00|00|01|7c|b5|66|b9|b9|91|08|00|45|00|00|4e|cf|e8|00|00|01|11|46|9c|c0|a8|fc|70|e6|00|00|01|db|14|1a|0a|00|3a|5c|3e|0e|00|00|00|00|00|00|00|00|00|00|00|00|00|00|00|00|aa|c4|26|31|19|1a|19|4b|bd|7b|7c|93|71|11|99|39|05|aa|c4|26|31|19|1a|19|4b|bd|7b|7c|93|71|11|99|39|

+---------+---------------+----------+
17:28:26,053,803   ETHER
|0   |ff|ff|ff|ff|ff|ff|74|a6|cd|d2|ae|bb|08|00|45|00|01|ca|44|80|00|00|40|11|76|0f|c0|a8|fd|eb|ff|ff|ff|ff|44|5c|44|5c|01|b6|95|60|7b|22|76|65|72|73|69|6f|6e|22|3a|20|5b|32|2c|20|30|5d|2c|20|22|70|6f|72|74|22|3a|20|31|37|35|30|30|2c|20|22|68|6f|73|74|5f|69|6e|74|22|3a|20|33|31|33|30|39|39|33|34|30|32|38|32|36|35|32|30|38|34|34|39|33|31|30|33|30|30|30|30|32|33|30|35|33|39|37|35|36|32|2c|20|22|64|69|73|70|6c|61|79|6e|61|6d|65|22|3a|20|22|22|2c|20|22|6e|61|6d|65|73|70|61|63|65|73|22|3a|20|5b|31|33|35|37|30|32|39|35|30|35|2c|20|32|32|39|30|31|34|38|37|33|39|2c|20|31|34|36|31|34|30|32|33|37|32|2c|20|31|34|37|31|31|31|37|30|36|31|2c|20|31|32|31|39|34|37|30|37|32|34|2c|20|31|32|30|32|34|34|30|39|36|39|2c|20|31|32|38|34|34|33|31|37|35|34|2c|20|31|33|34|32|38|31|33|31|39|33|2c|20|31|33|35|31|35|38|30|31|37|32|2c|20|31|31|35|32|37|33|31|35|33|33|2c|20|31|33|39|30|35|34|34|33|39|38|2c|20|31|34|39|33|37|34|37|38|35|34|2c|20|31|32|35|32|38|38|36|2c|20|31|34|30|34|37|36|30|39|38|33|2c|20|31|31|36|38|37|36|32|30|31|31|2c|20|31|32|36|31|35|34|30|32|35|33|2c|20|36|32|38|32|32|34|38|30|39|36|2c|20|31|33|36|35|38|32|36|38|35|31|2c|20|31|31|38|33|32|30|34|37|37|32|2c|20|31|32|30|35|35|36|39|35|37|35|2c|20|31|31|35|39|34|35|38|32|32|33|2c|20|31|35|30|30|35|34|32|32|35|36|2c|20|36|31|36|38|35|31|32|38|31|36|2c|20|31|31|38|32|33|35|32|38|32|33|2c|20|31|32|34|30|32|32|35|33|33|35|2c|20|31|35|31|31|36|38|34|37|39|31|5d|7d|

+---------+---------------+----------+
17:28:26,053,803   ETHER
|0   |ff|ff|ff|ff|ff|ff|74|a6|cd|d2|ae|bb|08|00|45|00|01|d9|99|9c|00|00|40|11|20|e4|c0|a8|fd|eb|ff|ff|ff|ff|44|5c|44|5c|01|c5|4f|7e|7b|22|76|65|72|73|69|6f|6e|22|3a|20|5b|32|2c|20|30|5d|2c|20|22|70|6f|72|74|22|3a|20|31|37|35|30|30|2c|20|22|68|6f|73|74|5f|69|6e|74|22|3a|20|33|31|33|30|39|39|33|34|30|32|38|32|36|35|32|30|38|34|34|39|33|31|30|33|30|30|30|30|32|33|30|35|33|39|37|35|36|32|2c|20|22|64|69|73|70|6c|61|79|6e|61|6d|65|22|3a|20|22|22|2c|20|22|6e|61|6d|65|73|70|61|63|65|73|22|3a|20|5b|31|34|33|33|36|34|36|35|32|34|2c|20|31|34|35|32|36|33|32|35|31|30|2c|20|31|34|30|33|33|33|34|39|37|37|2c|20|31|34|30|39|36|31|37|39|38|36|2c|20|31|32|31|34|33|31|37|36|34|38|2c|20|31|33|38|32|35|35|34|31|39|34|2c|20|31|34|31|35|33|33|37|38|31|30|2c|20|31|34|38|34|36|30|38|34|37|31|2c|20|31|31|39|33|31|35|36|38|32|34|2c|20|31|32|39|38|32|37|32|39|38|35|2c|20|31|33|33|31|33|36|36|31|30|36|2c|20|31|31|32|36|31|35|39|34|34|38|2c|20|31|34|31|39|37|32|34|32|35|33|2c|20|31|32|36|32|34|39|31|37|34|32|2c|20|31|31|31|34|39|35|34|37|31|39|2c|20|36|37|32|39|37|32|39|33|37|36|2c|20|31|31|33|37|36|36|30|31|32|39|2c|20|31|33|39|36|36|32|31|30|32|36|2c|20|31|31|34|39|30|33|38|39|34|38|2c|20|31|32|36|32|34|39|32|36|34|35|2c|20|31|32|39|31|38|30|30|34|32|30|2c|20|31|35|32|30|34|31|32|32|36|35|2c|20|31|32|34|38|39|35|38|33|31|38|2c|20|32|32|33|35|35|34|38|32|37|33|2c|20|31|34|35|37|32|33|31|36|30|33|2c|20|31|33|31|37|31|36|31|35|39|30|2c|20|31|33|30|39|32|31|30|33|36|33|5d|7d|

+---------+---------------+----------+
17:28:26,053,803   ETHER
|0   |ff|ff|ff|ff|ff|ff|74|a6|cd|d2|ae|bb|08|00|45|00|01|d9|ef|be|00|00|40|11|0a|19|c0|a8|fd|eb|c0|a8|ff|ff|44|5c|44|5c|01|c5|8e|d5|7b|22|76|65|72|73|69|6f|6e|22|3a|20|5b|32|2c|20|30|5d|2c|20|22|70|6f|72|74|22|3a|20|31|37|35|30|30|2c|20|22|68|6f|73|74|5f|69|6e|74|22|3a|20|33|31|33|30|39|39|33|34|30|32|38|32|36|35|32|30|38|34|34|39|33|31|30|33|30|30|30|30|32|33|30|35|33|39|37|35|36|32|2c|20|22|64|69|73|70|6c|61|79|6e|61|6d|65|22|3a|20|22|22|2c|20|22|6e|61|6d|65|73|70|61|63|65|73|22|3a|20|5b|31|34|33|33|36|34|36|35|32|34|2c|20|31|34|35|32|36|33|32|35|31|30|2c|20|31|34|30|33|33|33|34|39|37|37|2c|20|31|34|30|39|36|31|37|39|38|36|2c|20|31|32|31|34|33|31|37|36|34|38|2c|20|31|33|38|32|35|35|34|31|39|34|2c|20|31|34|31|35|33|33|37|38|31|30|2c|20|31|34|38|34|36|30|38|34|37|31|2c|20|31|31|39|33|31|35|36|38|32|34|2c|20|31|32|39|38|32|37|32|39|38|35|2c|20|31|33|33|31|33|36|36|31|30|36|2c|20|31|31|32|36|31|35|39|34|34|38|2c|20|31|34|31|39|37|32|34|32|35|33|2c|20|31|32|36|32|34|39|31|37|34|32|2c|20|31|31|31|34|39|35|34|37|31|39|2c|20|36|37|32|39|37|32|39|33|37|36|2c|20|31|31|33|37|36|36|30|31|32|39|2c|20|31|33|39|36|36|32|31|30|32|36|2c|20|31|31|34|39|30|33|38|39|34|38|2c|20|31|32|36|32|34|39|32|36|34|35|2c|20|31|32|39|31|38|30|30|34|32|30|2c|20|31|35|32|30|34|31|32|32|36|35|2c|20|31|32|34|38|39|35|38|33|31|38|2c|20|32|32|33|35|35|34|38|32|37|33|2c|20|31|34|35|37|32|33|31|36|30|33|2c|20|31|33|31|37|31|36|31|35|39|30|2c|20|31|33|30|39|32|31|30|33|36|33|5d|7d|

+---------+---------------+----------+
17:28:26,053,803   ETHER
|0   |ff|ff|ff|ff|ff|ff|74|a6|cd|d2|ae|bb|08|00|45|00|01|ca|0a|b2|00|00|40|11|ef|34|c0|a8|fd|eb|c0|a8|ff|ff|44|5c|44|5c|01|b6|d4|b7|7b|22|76|65|72|73|69|6f|6e|22|3a|20|5b|32|2c|20|30|5d|2c|20|22|70|6f|72|74|22|3a|20|31|37|35|30|30|2c|20|22|68|6f|73|74|5f|69|6e|74|22|3a|20|33|31|33|30|39|39|33|34|30|32|38|32|36|35|32|30|38|34|34|39|33|31|30|33|30|30|30|30|32|33|30|35|33|39|37|35|36|32|2c|20|22|64|69|73|70|6c|61|79|6e|61|6d|65|22|3a|20|22|22|2c|20|22|6e|61|6d|65|73|70|61|63|65|73|22|3a|20|5b|31|33|35|37|30|32|39|35|30|35|2c|20|32|32|39|30|31|34|38|37|33|39|2c|20|31|34|36|31|34|30|32|33|37|32|2c|20|31|34|37|31|31|31|37|30|36|31|2c|20|31|32|31|39|34|37|30|37|32|34|2c|20|31|32|30|32|34|34|30|39|36|39|2c|20|31|32|38|34|34|33|31|37|35|34|2c|20|31|33|34|32|38|31|33|31|39|33|2c|20|31|33|35|31|35|38|30|31|37|32|2c|20|31|31|35|32|37|33|31|35|33|33|2c|20|31|33|39|30|35|34|34|33|39|38|2c|20|31|34|39|33|37|34|37|38|35|34|2c|20|31|32|35|32|38|38|36|2c|20|31|34|30|34|37|36|30|39|38|33|2c|20|31|31|36|38|37|36|32|30|31|31|2c|20|31|32|36|31|35|34|30|32|35|33|2c|20|36|32|38|32|32|34|38|30|39|36|2c|20|31|33|36|35|38|32|36|38|35|31|2c|20|31|31|38|33|32|30|34|37|37|32|2c|20|31|32|30|35|35|36|39|35|37|35|2c|20|31|31|35|39|34|35|38|32|32|33|2c|20|31|35|30|30|35|34|32|32|35|36|2c|20|36|31|36|38|35|31|32|38|31|36|2c|20|31|31|38|32|33|35|32|38|32|33|2c|20|31|32|34|30|32|32|35|33|33|35|2c|20|31|35|31|31|36|38|34|37|39|31|5d|7d|

+---------+---------------+----------+
17:28:26,393,069   ETHER
|0   |00|11|dc|00|00|01|e4|60|17|75|86|b8|08|00|45|00|00|53|68|fb|00|00|80|11|00|00|0a|25|87|72|0a|08|00|02|e4|4a|00|35|00|3f|9b|f1|84|4b|01|00|00|01|00|00|00|00|00|01|03|31|31|34|03|31|33|35|02|33|37|02|31|30|07|69|6e|2d|61|64|64|72|04|61|72|70|61|00|00|0c|00|01|00|00|29|04|d0|00|00|00|00|00|00|

+---------+---------------+----------+
17:28:26,393,404   ETHER
|0   |00|11|dc|00|00|01|e4|60|17|75|86|b8|08|00|45|00|00|55|68|fc|00|00|80|11|00|00|0a|25|87|72|0a|08|00|02|e4|4a|00|35|00|41|9b|f3|3f|f4|01|00|00|01|00|00|00|00|00|01|03|32|35|30|03|32|35|35|03|32|35|35|03|32|33|39|07|69|6e|2d|61|64|64|72|04|61|72|70|61|00|00|0c|00|01|00|00|29|04|d0|00|00|00|00|00|00|

+---------+---------------+----------+
17:28:26,393,505   ETHER
|0   |00|11|dc|00|00|01|e4|60|17|75|86|b8|08|00|45|00|00|55|68|fd|00|00|80|11|00|00|0a|25|87|72|0a|08|00|02|e4|4a|00|35|00|41|9b|f3|86|b3|01|00|00|01|00|00|00|00|00|01|03|32|30|31|03|32|35|34|03|31|36|38|03|31|39|32|07|69|6e|2d|61|64|64|72|04|61|72|70|61|00|00|0c|00|01|00|00|29|04|d0|00|00|00|00|00|00|

+---------+---------------+----------+
17:28:26,393,582   ETHER
|0   |00|11|dc|00|00|01|e4|60|17|75|86|b8|08|00|45|00|00|55|68|fe|00|00|80|11|00|00|0a|25|87|72|0a|08|00|02|e4|4a|00|35|00|41|9b|f3|16|28|01|00|00|01|00|00|00|00|00|01|03|32|35|35|03|32|35|35|03|31|36|38|03|31|39|32|07|69|6e|2d|61|64|64|72|04|61|72|70|61|00|00|0c|00|01|00|00|29|04|d0|00|00|00|00|00|00|

+---------+---------------+----------+
17:28:26,393,648   ETHER
|0   |00|11|dc|00|00|01|e4|60|17|75|86|b8|08|00|45|00|00|55|68|ff|00|00|80|11|00|00|0a|25|87|72|0a|08|00|02|e4|4a|00|35|00|41|9b|f3|78|cc|01|00|00|01|00|00|00|00|00|01|03|31|31|32|03|32|35|32|03|31|36|38|03|31|39|32|07|69|6e|2d|61|64|64|72|04|61|72|70|61|00|00|0c|00|01|00|00|29|04|d0|00|00|00|00|00|00|

+---------+---------------+----------+
17:28:26,393,715   ETHER
|0   |00|11|dc|00|00|01|e4|60|17|75|86|b8|08|00|45|00|00|4f|69|00|00|00|80|11|00|00|0a|25|87|72|0a|08|00|02|e4|4a|00|35|00|3b|9b|ed|39|47|01|00|00|01|00|00|00|00|00|01|01|31|01|30|01|30|03|32|33|30|07|69|6e|2d|61|64|64|72|04|61|72|70|61|00|00|0c|00|01|00|00|29|04|d0|00|00|00|00|00|00|

+---------+---------------+----------+
17:28:26,398,068   ETHER
|0   |e4|60|17|75|86|b8|98|5d|82|99|9c|df|08|00|45|00|00|a3|13|97|00|00|3e|11|cd|12|0a|08|00|02|0a|25|87|72|00|35|e4|4a|00|8f|b3|98|3f|f4|85|83|00|01|00|00|00|01|00|01|03|32|35|30|03|32|35|35|03|32|35|35|03|32|33|39|07|69|6e|2d|61|64|64|72|04|61|72|70|61|00|00|0c|00|01|03|32|35|35|03|32|33|39|07|69|6e|2d|61|64|64|72|04|61|72|70|61|00|00|06|00|01|00|00|0e|10|00|2e|04|64|6e|73|31|03|62|79|75|03|65|64|75|00|09|64|6e|73|6d|61|73|74|65|72|c0|53|2c|15|de|09|00|00|54|60|00|00|0e|10|00|09|3a|80|00|00|0e|10|00|00|29|04|d0|00|00|00|00|00|00|

+---------+---------------+----------+
17:28:26,398,350   ETHER
|0   |e4|60|17|75|86|b8|98|5d|82|99|9c|df|08|00|45|00|00|a3|13|98|00|00|3e|11|cd|11|0a|08|00|02|0a|25|87|72|00|35|e4|4a|00|8f|63|e6|86|b3|85|83|00|01|00|00|00|01|00|01|03|32|30|31|03|32|35|34|03|31|36|38|03|31|39|32|07|69|6e|2d|61|64|64|72|04|61|72|70|61|00|00|0c|00|01|03|31|36|38|03|31|39|32|07|69|6e|2d|61|64|64|72|04|61|72|70|61|00|00|06|00|01|00|00|0e|10|00|2e|04|64|6e|73|31|03|62|79|75|03|65|64|75|00|09|64|6e|73|6d|61|73|74|65|72|c0|53|2c|15|de|08|00|00|54|60|00|00|0e|10|00|09|3a|80|00|00|0e|10|00|00|29|04|d0|00|00|00|00|00|00|

+---------+---------------+----------+
17:28:26,398,350   ETHER
|0   |e4|60|17|75|86|b8|98|5d|82|99|9c|df|08|00|45|00|00|a3|13|99|00|00|3e|11|cd|10|0a|08|00|02|0a|25|87|72|00|35|e4|4a|00|8f|cf|6c|16|28|85|83|00|01|00|00|00|01|00|01|03|32|35|35|03|32|35|35|03|31|36|38|03|31|39|32|07|69|6e|2d|61|64|64|72|04|61|72|70|61|00|00|0c|00|01|03|31|36|38|03|31|39|32|07|69|6e|2d|61|64|64|72|04|61|72|70|61|00|00|06|00|01|00|00|0e|10|00|2e|04|64|6e|73|31|03|62|79|75|03|65|64|75|00|09|64|6e|73|6d|61|73|74|65|72|c0|53|2c|15|de|08|00|00|54|60|00|00|0e|10|00|09|3a|80|00|00|0e|10|00|00|29|04|d0|00|00|00|00|00|00|

+---------+---------------+----------+
17:28:26,398,350   ETHER
|0   |e4|60|17|75|86|b8|98|5d|82|99|9c|df|08|00|45|00|00|a3|13|9a|00|00|3e|11|cd|0f|0a|08|00|02|0a|25|87|72|00|35|e4|4a|00|8f|70|cf|78|cc|85|83|00|01|00|00|00|01|00|01|03|31|31|32|03|32|35|32|03|31|36|38|03|31|39|32|07|69|6e|2d|61|64|64|72|04|61|72|70|61|00|00|0c|00|01|03|31|36|38|03|31|39|32|07|69|6e|2d|61|64|64|72|04|61|72|70|61|00|00|06|00|01|00|00|0e|10|00|2e|04|64|6e|73|31|03|62|79|75|03|65|64|75|00|09|64|6e|73|6d|61|73|74|65|72|c0|53|2c|15|de|08|00|00|54|60|00|00|0e|10|00|09|3a|80|00|00|0e|10|00|00|29|04|d0|00|00|00|00|00|00|

+---------+---------------+----------+
17:28:26,399,373   ETHER
|0   |e4|60|17|75|86|b8|98|5d|82|99|9c|df|08|00|45|00|01|ca|13|9b|00|00|3e|11|cb|e7|0a|08|00|02|0a|25|87|72|00|35|e4|4a|01|b6|44|dc|84|4b|85|80|00|01|00|01|00|05|00|0a|03|31|31|34|03|31|33|35|02|33|37|02|31|30|07|69|6e|2d|61|64|64|72|04|61|72|70|61|00|00|0c|00|01|c0|0c|00|0c|00|01|00|00|07|08|00|1b|0d|4b|6f|72|62|61|6e|5f|4c|65|6e|6f|76|6f|03|61|70|70|03|62|79|75|03|65|64|75|00|02|31|30|07|69|6e|2d|61|64|64|72|04|61|72|70|61|00|00|02|00|01|00|01|51|80|00|0e|04|64|6e|73|34|03|62|79|75|03|65|64|75|00|c0|53|00|02|00|01|00|01|51|80|00|07|04|64|6e|73|31|c0|73|c0|53|00|02|00|01|00|01|51|80|00|07|04|64|6e|73|33|c0|73|c0|53|00|02|00|01|00|01|51|80|00|07|04|64|6e|73|32|c0|73|c0|53|00|02|00|01|00|01|51|80|00|0e|0b|64|6e|73|39|2d|31|30|2d|76|69|70|c0|73|04|44|4e|53|31|c0|73|00|01|00|01|00|00|0e|10|00|04|0a|08|00|13|04|44|4e|53|32|c0|73|00|01|00|01|00|00|0e|10|00|04|0a|08|00|1a|04|44|4e|53|33|c0|73|00|01|00|01|00|00|0e|10|00|04|0a|08|00|02|04|44|4e|53|34|c0|73|00|01|00|01|00|00|0e|10|00|04|0a|08|00|08|c0|c1|00|01|00|01|00|00|0e|10|00|04|0a|08|00|44|c0|88|00|1c|00|01|00|01|51|80|00|10|26|20|01|0f|30|08|fe|00|00|00|00|00|00|00|00|13|c0|ae|00|1c|00|01|00|01|51|80|00|10|26|20|01|0f|30|08|ff|02|00|00|00|00|00|00|00|1a|c0|9b|00|1c|00|01|00|01|51|80|00|10|26|20|01|0f|30|08|f5|04|00|00|00|00|00|00|00|02|c0|6e|00|1c|00|01|00|01|51|80|00|10|26|20|01|0f|30|08|f5|04|00|00|00|00|00|00|00|08|00|00|29|04|d0|00|00|00|00|00|00|

+---------+---------------+----------+
17:28:26,498,037   ETHER
|0   |e4|60|17|75|86|b8|98|5d|82|99|9c|df|08|00|45|00|00|98|13|b0|00|00|3e|11|cd|04|0a|08|00|02|0a|25|87|72|00|35|e4|4a|00|84|31|44|39|47|81|83|00|01|00|00|00|01|00|01|01|31|01|30|01|30|03|32|33|30|07|69|6e|2d|61|64|64|72|04|61|72|70|61|00|00|0c|00|01|03|32|33|30|07|69|6e|2d|61|64|64|72|04|61|72|70|61|00|00|06|00|01|00|00|0e|10|00|2d|03|73|6e|73|03|64|6e|73|05|69|63|61|6e|6e|03|6f|72|67|00|03|6e|6f|63|c0|48|78|86|aa|4d|00|00|1c|20|00|00|0e|10|00|09|3a|80|00|00|0e|10|00|00|29|04|d0|00|00|00|00|00|00|

+---------+---------------+----------+
17:28:26,570,160   ETHER
|0   |ff|ff|ff|ff|ff|ff|6c|7e|67|c2|de|1e|08|00|45|00|00|60|54|57|00|00|40|11|a6|73|c0|a8|fe|71|c0|a8|ff|ff|00|89|00|89|00|4c|c2|ef|45|cd|30|10|00|01|00|00|00|00|00|01|20|45|4e|45|42|45|44|43|4e|45|44|44|43|45|45|45|46|44|42|45|46|43|41|43|41|43|41|43|41|43|41|41|41|00|00|20|00|01|c0|0c|00|20|00|01|00|00|00|00|00|06|60|00|c0|a8|fe|71|

+---------+---------------+----------+
17:28:26,756,245   ETHER
|0   |ff|ff|ff|ff|ff|ff|f0|2f|4b|0c|f6|2d|08|00|45|00|00|4e|ba|90|00|00|40|11|41|d2|c0|a8|fc|eb|c0|a8|ff|ff|00|89|00|89|00|3a|91|3d|45|6f|01|10|00|01|00|00|00|00|00|00|20|41|42|41|43|46|50|46|50|45|4e|46|44|45|43|46|43|45|50|46|48|46|44|45|46|46|50|46|50|41|43|41|42|00|00|20|00|01|

+---------+---------------+----------+
17:28:26,857,543   ETHER
|0   |ff|ff|ff|ff|ff|ff|f0|2f|4b|0c|f6|2d|08|00|45|00|00|60|c3|e1|00|00|40|11|38|6f|c0|a8|fc|eb|c0|a8|ff|ff|00|89|00|89|00|4c|78|cb|45|6d|40|10|00|01|00|00|00|00|00|01|20|45|4e|45|42|45|44|45|43|45|50|45|50|45|4c|46|41|46|43|45|50|43|4e|45|47|44|47|44|43|45|45|41|41|00|00|20|00|01|c0|0c|00|20|00|01|00|00|03|84|00|06|60|00|c0|a8|fc|eb|

+---------+---------------+----------+
17:28:26,857,543   ETHER
|0   |ff|ff|ff|ff|ff|ff|f0|2f|4b|0c|f6|2d|08|00|45|00|00|60|1e|68|00|00|40|11|dd|e8|c0|a8|fc|eb|c0|a8|ff|ff|00|89|00|89|00|4c|8c|4e|45|6e|30|10|00|01|00|00|00|00|00|01|20|45|4e|45|42|45|44|45|43|45|50|45|50|45|4c|46|41|46|43|45|50|43|4e|45|47|44|47|44|43|45|45|41|41|00|00|20|00|01|c0|0c|00|20|00|01|00|00|00|00|00|06|60|00|c0|a8|fc|eb|

+---------+---------------+----------+
17:28:26,857,543   ETHER
|0   |ff|ff|ff|ff|ff|ff|6c|7e|67|c2|de|1e|08|00|45|00|00|60|64|7e|00|00|40|11|96|4c|c0|a8|fe|71|c0|a8|ff|ff|00|89|00|89|00|4c|c2|ef|45|cd|30|10|00|01|00|00|00|00|00|01|20|45|4e|45|42|45|44|43|4e|45|44|44|43|45|45|45|46|44|42|45|46|43|41|43|41|43|41|43|41|43|41|41|41|00|00|20|00|01|c0|0c|00|20|00|01|00|00|00|00|00|06|60|00|c0|a8|fe|71|

+---------+---------------+----------+
17:28:27,067,864   ETHER
|0   |01|00|5e|00|00|01|7c|b5|66|b9|b9|91|08|00|45|00|00|4e|cf|e9|00|00|01|11|46|9b|c0|a8|fc|70|e6|00|00|01|db|14|1a|0a|00|3a|5c|3e|0e|00|00|00|00|00|00|00|00|00|00|00|00|00|00|00|00|aa|c4|26|31|19|1a|19|4b|bd|7b|7c|93|71|11|99|39|05|aa|c4|26|31|19|1a|19|4b|bd|7b|7c|93|71|11|99|39|

+---------+---------------+----------+
17:28:27,373,586   ETHER
|0   |00|11|dc|00|00|01|e4|60|17|75|86|b8|08|00|45|00|00|55|69|01|00|00|80|11|00|00|0a|25|87|72|0a|08|00|02|e4|4a|00|35|00|41|9b|f3|99|d3|01|00|00|01|00|00|00|00|00|01|03|32|33|35|03|32|35|33|03|31|36|38|03|31|39|32|07|69|6e|2d|61|64|64|72|04|61|72|70|61|00|00|0c|00|01|00|00|29|04|d0|00|00|00|00|00|00|

+---------+---------------+----------+
17:28:27,373,874   ETHER
|0   |00|11|dc|00|00|01|e4|60|17|75|86|b8|08|00|45|00|00|55|69|02|00|00|80|11|00|00|0a|25|87|72|0a|08|00|02|e4|4a|00|35|00|41|9b|f3|a5|73|01|00|00|01|00|00|00|00|00|01|03|32|35|35|03|32|35|35|03|32|35|35|03|32|35|35|07|69|6e|2d|61|64|64|72|04|61|72|70|61|00|00|0c|00|01|00|00|29|04|d0|00|00|00|00|00|00|

+---------+---------------+----------+
17:28:27,374,082   ETHER
|0   |00|11|dc|00|00|01|e4|60|17|75|86|b8|08|00|45|00|00|4e|69|03|00|00|80|11|00|00|0a|25|87|72|0a|08|00|02|e4|4a|00|35|00|3a|9b|ec|66|76|01|00|00|01|00|00|00|00|00|01|01|32|01|30|01|38|02|31|30|07|69|6e|2d|61|64|64|72|04|61|72|70|61|00|00|0c|00|01|00|00|29|04|d0|00|00|00|00|00|00|

+---------+---------------+----------+
17:28:27,374,273   ETHER
|0   |00|11|dc|00|00|01|e4|60|17|75|86|b8|08|00|45|00|00|55|69|04|00|00|80|11|00|00|0a|25|87|72|0a|08|00|02|e4|4a|00|35|00|41|9b|f3|56|f8|01|00|00|01|00|00|00|00|00|01|03|31|31|33|03|32|35|34|03|31|36|38|03|31|39|32|07|69|6e|2d|61|64|64|72|04|61|72|70|61|00|00|0c|00|01|00|00|29|04|d0|00|00|00|00|00|00|

+---------+---------------+----------+
17:28:27,374,467   ETHER
|0   |00|11|dc|00|00|01|e4|60|17|75|86|b8|08|00|45|00|00|55|69|05|00|00|80|11|00|00|0a|25|87|72|0a|08|00|02|e4|4a|00|35|00|41|9b|f3|e2|8b|01|00|00|01|00|00|00|00|00|01|03|32|33|35|03|32|35|32|03|31|36|38|03|31|39|32|07|69|6e|2d|61|64|64|72|04|61|72|70|61|00|00|0c|00|01|00|00|29|04|d0|00|00|00|00|00|00|

+---------+---------------+----------+
17:28:27,379,362   ETHER
|0   |01|00|5e|00|00|fb|e4|60|17|75|86|b8|08|00|45|00|00|44|74|98|00|00|01|11|00|00|0a|25|87|72|e0|00|00|fb|14|e9|14|e9|00|30|19|11|00|00|00|00|00|01|00|00|00|00|00|00|0b|5f|67|6f|6f|67|6c|65|63|61|73|74|04|5f|74|63|70|05|6c|6f|63|61|6c|00|00|0c|00|01|

+---------+---------------+----------+
17:28:27,379,754   ETHER
|0   |33|33|00|00|00|fb|e4|60|17|75|86|b8|86|dd|60|04|2a|82|00|30|11|01|fe|80|00|00|00|00|00|00|7e|28|56|1d|a1|1f|1a|3e|ff|02|00|00|00|00|00|00|00|00|00|00|00|00|00|fb|14|e9|14|e9|00|30|fd|81|00|00|00|00|00|01|00|00|00|00|00|00|0b|5f|67|6f|6f|67|6c|65|63|61|73|74|04|5f|74|63|70|05|6c|6f|63|61|6c|00|00|0c|00|01|

+---------+---------------+----------+
17:28:27,381,938   ETHER
|0   |01|00|5e|00|00|fb|e4|60|17|75|86|b8|08|00|45|00|00|44|74|99|00|00|01|11|00|00|0a|25|87|72|e0|00|00|fb|14|e9|14|e9|00|30|19|11|00|00|00|00|00|01|00|00|00|00|00|00|0b|5f|67|6f|6f|67|6c|65|63|61|73|74|04|5f|74|63|70|05|6c|6f|63|61|6c|00|00|0c|00|01|

+---------+---------------+----------+
17:28:27,382,227   ETHER
|0   |33|33|00|00|00|fb|e4|60|17|75|86|b8|86|dd|60|04|2a|82|00|30|11|01|fe|80|00|00|00|00|00|00|7e|28|56|1d|a1|1f|1a|3e|ff|02|00|00|00|00|00|00|00|00|00|00|00|00|00|fb|14|e9|14|e9|00|30|fd|81|00|00|00|00|00|01|00|00|00|00|00|00|0b|5f|67|6f|6f|67|6c|65|63|61|73|74|04|5f|74|63|70|05|6c|6f|63|61|6c|00|00|0c|00|01|

+---------+---------------+----------+
17:28:27,393,905   ETHER
|0   |01|00|5e|00|00|fb|e4|60|17|75|86|b8|08|00|45|00|00|44|74|9a|00|00|01|11|00|00|0a|25|87|72|e0|00|00|fb|14|e9|14|e9|00|30|19|11|00|00|00|00|00|01|00|00|00|00|00|00|0b|5f|67|6f|6f|67|6c|65|63|61|73|74|04|5f|74|63|70|05|6c|6f|63|61|6c|00|00|0c|00|01|

+---------+---------------+----------+
17:28:27,394,358   ETHER
|0   |33|33|00|00|00|fb|e4|60|17|75|86|b8|86|dd|60|07|28|55|00|30|11|01|fe|80|00|00|00|00|00|00|7e|28|56|1d|a1|1f|1a|3e|ff|02|00|00|00|00|00|00|00|00|00|00|00|00|00|fb|14|e9|14|e9|00|30|fd|81|00|00|00|00|00|01|00|00|00|00|00|00|0b|5f|67|6f|6f|67|6c|65|63|61|73|74|04|5f|74|63|70|05|6c|6f|63|61|6c|00|00|0c|00|01|

+---------+---------------+----------+
17:28:27,396,921   ETHER
|0   |01|00|5e|00|00|fb|e4|60|17|75|86|b8|08|00|45|00|00|44|74|9b|00|00|01|11|00|00|0a|25|87|72|e0|00|00|fb|14|e9|14|e9|00|30|19|11|00|00|00|00|00|01|00|00|00|00|00|00|0b|5f|67|6f|6f|67|6c|65|63|61|73|74|04|5f|74|63|70|05|6c|6f|63|61|6c|00|00|0c|00|01|

+---------+---------------+----------+
17:28:27,397,238   ETHER
|0   |33|33|00|00|00|fb|e4|60|17|75|86|b8|86|dd|60|07|28|55|00|30|11|01|fe|80|00|00|00|00|00|00|7e|28|56|1d|a1|1f|1a|3e|ff|02|00|00|00|00|00|00|00|00|00|00|00|00|00|fb|14|e9|14|e9|00|30|fd|81|00|00|00|00|00|01|00|00|00|00|00|00|0b|5f|67|6f|6f|67|6c|65|63|61|73|74|04|5f|74|63|70|05|6c|6f|63|61|6c|00|00|0c|00|01|

+---------+---------------+----------+
17:28:27,693,221   ETHER
|0   |ff|ff|ff|ff|ff|ff|a0|78|17|71|04|31|08|00|45|00|00|ca|28|e3|00|00|40|11|d3|40|c0|a8|fc|ae|c0|a8|ff|ff|00|8a|00|8a|00|b6|5d|0d|11|02|45|9f|c0|a8|fc|ae|00|00|00|a0|00|00|20|45|4e|45|42|45|44|45|43|45|50|45|50|45|4c|46|41|46|43|45|50|43|4e|44|41|44|45|44|44|44|42|41|41|00|20|46|48|45|50|46|43|45|4c|45|48|46|43|45|50|46|46|46|41|43|41|43|41|43|41|43|41|43|41|43|41|42|4e|00|ff|53|4d|42|25|00|00|00|00|00|00|00|00|00|00|00|00|00|00|00|00|00|00|00|00|00|aa|19|00|00|9e|45|11|00|00|06|00|00|00|00|00|00|00|02|00|00|00|00|00|00|00|00|00|00|00|06|00|56|00|03|00|01|00|01|00|02|00|17|00|5c|4d|41|49|4c|53|4c|4f|54|5c|42|52|4f|57|53|45|00|09|04|9d|45|00|00|

+---------+---------------+----------+
17:28:27,720,165   ETHER
|0   |ff|ff|ff|ff|ff|ff|6c|7e|67|c2|de|1e|08|00|45|00|00|60|96|a2|00|00|40|11|64|28|c0|a8|fe|71|c0|a8|ff|ff|00|89|00|89|00|4c|c2|ef|45|cd|30|10|00|01|00|00|00|00|00|01|20|45|4e|45|42|45|44|43|4e|45|44|44|43|45|45|45|46|44|42|45|46|43|41|43|41|43|41|43|41|43|41|41|41|00|00|20|00|01|c0|0c|00|20|00|01|00|00|00|00|00|06|60|00|c0|a8|fe|71|

+---------+---------------+----------+
17:28:27,735,245   ETHER
|0   |01|00|5e|00|00|fb|e4|60|17|75|86|b8|08|00|45|00|01|30|74|9c|00|00|ff|11|00|00|0a|25|87|72|e0|00|00|fb|14|e9|14|e9|01|1c|ba|eb|00|00|84|00|00|00|00|04|00|00|00|04|03|31|31|34|03|31|33|35|02|33|37|02|31|30|07|69|6e|2d|61|64|64|72|04|61|72|70|61|00|00|0c|80|01|00|00|00|78|00|15|0d|4b|6f|72|62|61|6e|2d|4c|65|6e|6f|76|6f|05|6c|6f|63|61|6c|00|01|45|01|33|01|41|01|31|01|46|01|31|01|31|01|41|01|44|01|31|01|36|01|35|01|38|01|32|01|45|01|37|01|30|01|30|01|30|01|30|01|30|01|30|01|30|01|30|01|30|01|30|01|30|01|30|01|30|01|38|01|45|01|46|03|69|70|36|c0|22|00|0c|80|01|00|00|00|78|00|02|c0|32|c0|32|00|01|80|01|00|00|00|78|00|04|0a|25|87|72|c0|32|00|1c|80|01|00|00|00|78|00|10|fe|80|00|00|00|00|00|00|7e|28|56|1d|a1|1f|1a|3e|c0|0c|00|2f|80|01|00|00|00|78|00|06|c0|0c|00|02|00|08|c0|47|00|2f|80|01|00|00|00|78|00|06|c0|47|00|02|00|08|c0|32|00|2f|80|01|00|00|00|78|00|08|c0|32|00|04|40|00|00|08|00|00|29|05|a0|00|00|11|94|00|0c|00|04|00|08|00|03|e4|60|17|75|86|b8|

+---------+---------------+----------+
17:28:27,738,940   ETHER
|0   |e4|60|17|75|86|b8|98|5d|82|99|9c|df|08|00|45|00|00|a3|13|eb|00|00|3e|11|cc|be|0a|08|00|02|0a|25|87|72|00|35|e4|4a|00|8f|4d|c3|99|d3|85|83|00|01|00|00|00|01|00|01|03|32|33|35|03|32|35|33|03|31|36|38|03|31|39|32|07|69|6e|2d|61|64|64|72|04|61|72|70|61|00|00|0c|00|01|03|31|36|38|03|31|39|32|07|69|6e|2d|61|64|64|72|04|61|72|70|61|00|00|06|00|01|00|00|0e|10|00|2e|04|64|6e|73|31|03|62|79|75|03|65|64|75|00|09|64|6e|73|6d|61|73|74|65|72|c0|53|2c|15|de|08|00|00|54|60|00|00|0e|10|00|09|3a|80|00|00|0e|10|00|00|29|04|d0|00|00|00|00|00|00|

+---------+---------------+----------+
17:28:27,757,412   ETHER
|0   |e4|60|17|75|86|b8|98|5d|82|99|9c|df|08|00|45|00|00|94|13|ec|00|00|3e|11|cc|cc|0a|08|00|02|0a|25|87|72|00|35|e4|4a|00|80|98|b0|a5|73|81|80|00|01|00|00|00|01|00|01|03|32|35|35|03|32|35|35|03|32|35|35|03|32|35|35|07|69|6e|2d|61|64|64|72|04|61|72|70|61|00|00|0c|00|01|03|32|35|35|03|32|35|35|03|32|35|35|03|32|35|35|07|49|4e|2d|41|44|44|52|04|41|52|50|41|00|00|06|00|01|00|00|05|a3|00|17|c0|2e|00|00|00|00|00|00|00|70|80|00|00|1c|20|00|09|3a|80|00|01|51|80|00|00|29|04|d0|00|00|00|00|00|00|

+---------+---------------+----------+
17:28:27,757,412   ETHER
|0   |e4|60|17|75|86|b8|98|5d|82|99|9c|df|08|00|45|00|01|ac|13|ed|00|00|3e|11|cb|b3|0a|08|00|02|0a|25|87|72|00|35|e4|4a|01|98|f3|28|66|76|85|80|00|01|00|01|00|05|00|0a|01|32|01|30|01|38|02|31|30|07|69|6e|2d|61|64|64|72|04|61|72|70|61|00|00|0c|00|01|c0|0c|00|0c|00|01|00|00|0e|10|00|0e|04|44|4e|53|33|03|62|79|75|03|65|64|75|00|02|31|30|07|69|6e|2d|61|64|64|72|04|61|72|70|61|00|00|02|00|01|00|01|51|80|00|07|04|64|6e|73|34|c0|38|c0|41|00|02|00|01|00|01|51|80|00|07|04|64|6e|73|31|c0|38|c0|41|00|02|00|01|00|01|51|80|00|07|04|64|6e|73|32|c0|38|c0|41|00|02|00|01|00|01|51|80|00|07|04|64|6e|73|33|c0|38|c0|41|00|02|00|01|00|01|51|80|00|0e|0b|64|6e|73|39|2d|31|30|2d|76|69|70|c0|38|04|44|4e|53|31|c0|38|00|01|00|01|00|00|0e|10|00|04|0a|08|00|13|04|44|4e|53|32|c0|38|00|01|00|01|00|00|0e|10|00|04|0a|08|00|1a|c0|33|00|01|00|01|00|00|0e|10|00|04|0a|08|00|02|04|44|4e|53|34|c0|38|00|01|00|01|00|00|0e|10|00|04|0a|08|00|08|c0|a8|00|01|00|01|00|00|0e|10|00|04|0a|08|00|44|c0|6f|00|1c|00|01|00|01|51|80|00|10|26|20|01|0f|30|08|fe|00|00|00|00|00|00|00|00|13|c0|82|00|1c|00|01|00|01|51|80|00|10|26|20|01|0f|30|08|ff|02|00|00|00|00|00|00|00|1a|c0|95|00|1c|00|01|00|01|51|80|00|10|26|20|01|0f|30|08|f5|04|00|00|00|00|00|00|00|02|c0|5c|00|1c|00|01|00|01|51|80|00|10|26|20|01|0f|30|08|f5|04|00|00|00|00|00|00|00|08|00|00|29|04|d0|00|00|00|00|00|00|

+---------+---------------+----------+
17:28:27,757,412   ETHER
|0   |e4|60|17|75|86|b8|98|5d|82|99|9c|df|08|00|45|00|00|a3|13|ee|00|00|3e|11|cc|bb|0a|08|00|02|0a|25|87|72|00|35|e4|4a|00|8f|92|a0|56|f8|85|83|00|01|00|00|00|01|00|01|03|31|31|33|03|32|35|34|03|31|36|38|03|31|39|32|07|69|6e|2d|61|64|64|72|04|61|72|70|61|00|00|0c|00|01|03|31|36|38|03|31|39|32|07|69|6e|2d|61|64|64|72|04|61|72|70|61|00|00|06|00|01|00|00|0e|10|00|2e|04|64|6e|73|31|03|62|79|75|03|65|64|75|00|09|64|6e|73|6d|61|73|74|65|72|c0|53|2c|15|de|08|00|00|54|60|00|00|0e|10|00|09|3a|80|00|00|0e|10|00|00|29|04|d0|00|00|00|00|00|00|

+---------+---------------+----------+
17:28:27,757,412   ETHER
|0   |e4|60|17|75|86|b8|98|5d|82|99|9c|df|08|00|45|00|00|a3|13|ef|00|00|3e|11|cc|ba|0a|08|00|02|0a|25|87|72|00|35|e4|4a|00|8f|05|0c|e2|8b|85|83|00|01|00|00|00|01|00|01|03|32|33|35|03|32|35|32|03|31|36|38|03|31|39|32|07|69|6e|2d|61|64|64|72|04|61|72|70|61|00|00|0c|00|01|03|31|36|38|03|31|39|32|07|69|6e|2d|61|64|64|72|04|61|72|70|61|00|00|06|00|01|00|00|0e|10|00|2e|04|64|6e|73|31|03|62|79|75|03|65|64|75|00|09|64|6e|73|6d|61|73|74|65|72|c0|53|2c|15|de|08|00|00|54|60|00|00|0e|10|00|09|3a|80|00|00|0e|10|00|00|29|04|d0|00|00|00|00|00|00|

+---------+---------------+----------+
17:28:28,085,824   ETHER
|0   |01|00|5e|00|00|01|7c|b5|66|b9|b9|91|08|00|45|00|00|4e|cf|ea|00|00|01|11|46|9a|c0|a8|fc|70|e6|00|00|01|db|14|1a|0a|00|3a|5c|3e|0e|00|00|00|00|00|00|00|00|00|00|00|00|00|00|00|00|aa|c4|26|31|19|1a|19|4b|bd|7b|7c|93|71|11|99|39|05|aa|c4|26|31|19|1a|19|4b|bd|7b|7c|93|71|11|99|39|

+---------+---------------+----------+
17:28:28,375,857   ETHER
|0   |00|11|dc|00|00|01|e4|60|17|75|86|b8|08|00|45|00|00|81|69|06|00|00|80|11|00|00|0a|25|87|72|0a|08|00|02|e4|4a|00|35|00|6d|9c|1f|94|10|01|00|00|01|00|00|00|00|00|01|01|65|01|33|01|61|01|31|01|66|01|31|01|31|01|61|01|64|01|31|01|36|01|35|01|38|01|32|01|65|01|37|01|30|01|30|01|30|01|30|01|30|01|30|01|30|01|30|01|30|01|30|01|30|01|30|01|30|01|38|01|65|01|66|03|69|70|36|04|61|72|70|61|00|00|0c|00|01|00|00|29|04|d0|00|00|00|00|00|00|

+---------+---------------+----------+
17:28:28,376,064   ETHER
|0   |00|11|dc|00|00|01|e4|60|17|75|86|b8|08|00|45|00|00|81|69|07|00|00|80|11|00|00|0a|25|87|72|0a|08|00|02|e4|4a|00|35|00|6d|9c|1f|39|cf|01|00|00|01|00|00|00|00|00|01|01|62|01|66|01|30|01|30|01|30|01|30|01|30|01|30|01|30|01|30|01|30|01|30|01|30|01|30|01|30|01|30|01|30|01|30|01|30|01|30|01|30|01|30|01|30|01|30|01|30|01|30|01|30|01|30|01|32|01|30|01|66|01|66|03|69|70|36|04|61|72|70|61|00|00|0c|00|01|00|00|29|04|d0|00|00|00|00|00|00|

+---------+---------------+----------+
17:28:28,376,159   ETHER
|0   |00|11|dc|00|00|01|e4|60|17|75|86|b8|08|00|45|00|00|51|69|08|00|00|80|11|00|00|0a|25|87|72|0a|08|00|02|e4|4a|00|35|00|3d|9b|ef|8b|58|01|00|00|01|00|00|00|00|00|01|03|32|35|31|01|30|01|30|03|32|32|34|07|69|6e|2d|61|64|64|72|04|61|72|70|61|00|00|0c|00|01|00|00|29|04|d0|00|00|00|00|00|00|

+---------+---------------+----------+
17:28:28,376,232   ETHER
|0   |00|11|dc|00|00|01|e4|60|17|75|86|b8|08|00|45|00|00|55|69|09|00|00|80|11|00|00|0a|25|87|72|0a|08|00|02|e4|4a|00|35|00|41|9b|f3|96|d8|01|00|00|01|00|00|00|00|00|01|03|31|37|34|03|32|35|32|03|31|36|38|03|31|39|32|07|69|6e|2d|61|64|64|72|04|61|72|70|61|00|00|0c|00|01|00|00|29|04|d0|00|00|00|00|00|00|

+---------+---------------+----------+
17:28:28,382,975   ETHER
|0   |e4|60|17|75|86|b8|98|5d|82|99|9c|df|08|00|45|00|00|d7|14|83|00|00|3e|11|cb|f2|0a|08|00|02|0a|25|87|72|00|35|e4|4a|00|c3|87|ae|8b|58|81|80|00|01|00|01|00|04|00|01|03|32|35|31|01|30|01|30|03|32|32|34|07|69|6e|2d|61|64|64|72|04|61|72|70|61|00|00|0c|00|01|c0|0c|00|0c|00|01|00|00|43|79|00|10|04|6d|64|6e|73|05|6d|63|61|73|74|03|6e|65|74|00|03|32|32|34|07|69|6e|2d|61|64|64|72|04|61|72|70|61|00|00|02|00|01|00|00|d9|58|00|14|01|61|0c|69|61|6e|61|2d|73|65|72|76|65|72|73|03|6e|65|74|00|c0|46|00|02|00|01|00|00|d9|58|00|04|01|63|c0|64|c0|46|00|02|00|01|00|00|d9|58|00|0e|02|6e|73|05|69|63|61|6e|6e|03|6f|72|67|00|c0|46|00|02|00|01|00|00|d9|58|00|04|01|62|c0|64|00|00|29|04|d0|00|00|00|00|00|00|

+---------+---------------+----------+
17:28:28,383,547   ETHER
|0   |e4|60|17|75|86|b8|98|5d|82|99|9c|df|08|00|45|00|00|a3|14|84|00|00|3e|11|cc|25|0a|08|00|02|0a|25|87|72|00|35|e4|4a|00|8f|4c|c1|96|d8|85|83|00|01|00|00|00|01|00|01|03|31|37|34|03|32|35|32|03|31|36|38|03|31|39|32|07|69|6e|2d|61|64|64|72|04|61|72|70|61|00|00|0c|00|01|03|31|36|38|03|31|39|32|07|69|6e|2d|61|64|64|72|04|61|72|70|61|00|00|06|00|01|00|00|0e|10|00|2e|04|64|6e|73|31|03|62|79|75|03|65|64|75|00|09|64|6e|73|6d|61|73|74|65|72|c0|53|2c|15|de|08|00|00|54|60|00|00|0e|10|00|09|3a|80|00|00|0e|10|00|00|29|04|d0|00|00|00|00|00|00|

+---------+---------------+----------+
17:28:28,383,547   ETHER
|0   |e4|60|17|75|86|b8|98|5d|82|99|9c|df|08|00|45|00|00|cd|14|85|00|00|3e|11|cb|fa|0a|08|00|02|0a|25|87|72|00|35|e4|4a|00|b9|ad|27|39|cf|81|83|00|01|00|00|00|01|00|01|01|62|01|66|01|30|01|30|01|30|01|30|01|30|01|30|01|30|01|30|01|30|01|30|01|30|01|30|01|30|01|30|01|30|01|30|01|30|01|30|01|30|01|30|01|30|01|30|01|30|01|30|01|30|01|30|01|32|01|30|01|66|01|66|03|69|70|36|04|61|72|70|61|00|00|0c|00|01|03|69|70|36|04|61|72|70|61|00|00|06|00|01|00|00|0c|74|00|38|01|62|0b|69|70|36|2d|73|65|72|76|65|72|73|04|61|72|70|61|00|05|6e|73|74|6c|64|04|69|61|6e|61|03|6f|72|67|00|78|a5|33|6f|00|00|07|08|00|00|03|84|00|09|3a|80|00|00|0e|10|00|00|29|04|d0|00|00|00|00|00|00|

+---------+---------------+----------+
17:28:28,385,727   ETHER
|0   |e4|60|17|75|86|b8|98|5d|82|99|9c|df|08|00|45|00|00|b2|14|86|00|00|3e|11|cc|14|0a|08|00|02|0a|25|87|72|00|35|e4|4a|00|9e|6c|21|94|10|81|83|00|01|00|00|00|01|00|01|01|65|01|33|01|61|01|31|01|66|01|31|01|31|01|61|01|64|01|31|01|36|01|35|01|38|01|32|01|65|01|37|01|30|01|30|01|30|01|30|01|30|01|30|01|30|01|30|01|30|01|30|01|30|01|30|01|30|01|38|01|65|01|66|03|69|70|36|04|61|72|70|61|00|00|0c|00|01|01|38|01|45|01|46|03|49|50|36|04|41|52|50|41|00|00|06|00|01|00|00|2a|30|00|17|c0|5a|00|00|00|00|00|00|00|70|80|00|00|1c|20|00|09|3a|80|00|01|51|80|00|00|29|04|d0|00|00|00|00|00|00|

+---------+---------------+----------+
17:28:28,388,589   ETHER
|0   |01|00|5e|00|00|fb|e4|60|17|75|86|b8|08|00|45|00|00|44|74|9d|00|00|01|11|00|00|0a|25|87|72|e0|00|00|fb|14|e9|14|e9|00|30|19|11|00|00|00|00|00|01|00|00|00|00|00|00|0b|5f|67|6f|6f|67|6c|65|63|61|73|74|04|5f|74|63|70|05|6c|6f|63|61|6c|00|00|0c|00|01|

+---------+---------------+----------+
17:28:28,389,225   ETHER
|0   |33|33|00|00|00|fb|e4|60|17|75|86|b8|86|dd|60|04|2a|82|00|30|11|01|fe|80|00|00|00|00|00|00|7e|28|56|1d|a1|1f|1a|3e|ff|02|00|00|00|00|00|00|00|00|00|00|00|00|00|fb|14|e9|14|e9|00|30|fd|81|00|00|00|00|00|01|00|00|00|00|00|00|0b|5f|67|6f|6f|67|6c|65|63|61|73|74|04|5f|74|63|70|05|6c|6f|63|61|6c|00|00|0c|00|01|

+---------+---------------+----------+
17:28:28,391,964   ETHER
|0   |01|00|5e|00|00|fb|e4|60|17|75|86|b8|08|00|45|00|00|44|74|9e|00|00|01|11|00|00|0a|25|87|72|e0|00|00|fb|14|e9|14|e9|00|30|19|11|00|00|00|00|00|01|00|00|00|00|00|00|0b|5f|67|6f|6f|67|6c|65|63|61|73|74|04|5f|74|63|70|05|6c|6f|63|61|6c|00|00|0c|00|01|

+---------+---------------+----------+
17:28:28,392,287   ETHER
|0   |33|33|00|00|00|fb|e4|60|17|75|86|b8|86|dd|60|04|2a|82|00|30|11|01|fe|80|00|00|00|00|00|00|7e|28|56|1d|a1|1f|1a|3e|ff|02|00|00|00|00|00|00|00|00|00|00|00|00|00|fb|14|e9|14|e9|00|30|fd|81|00|00|00|00|00|01|00|00|00|00|00|00|0b|5f|67|6f|6f|67|6c|65|63|61|73|74|04|5f|74|63|70|05|6c|6f|63|61|6c|00|00|0c|00|01|

+---------+---------------+----------+
17:28:28,404,423   ETHER
|0   |01|00|5e|00|00|fb|e4|60|17|75|86|b8|08|00|45|00|00|44|74|9f|00|00|01|11|00|00|0a|25|87|72|e0|00|00|fb|14|e9|14|e9|00|30|19|11|00|00|00|00|00|01|00|00|00|00|00|00|0b|5f|67|6f|6f|67|6c|65|63|61|73|74|04|5f|74|63|70|05|6c|6f|63|61|6c|00|00|0c|00|01|

+---------+---------------+----------+
17:28:28,404,638   ETHER
|0   |33|33|00|00|00|fb|e4|60|17|75|86|b8|86|dd|60|07|28|55|00|30|11|01|fe|80|00|00|00|00|00|00|7e|28|56|1d|a1|1f|1a|3e|ff|02|00|00|00|00|00|00|00|00|00|00|00|00|00|fb|14|e9|14|e9|00|30|fd|81|00|00|00|00|00|01|00|00|00|00|00|00|0b|5f|67|6f|6f|67|6c|65|63|61|73|74|04|5f|74|63|70|05|6c|6f|63|61|6c|00|00|0c|00|01|

+---------+---------------+----------+
17:28:28,405,797   ETHER
|0   |ff|ff|ff|ff|ff|ff|f0|2f|4b|0c|f6|2d|08|00|45|00|00|4e|62|18|00|00|40|11|9a|4a|c0|a8|fc|eb|c0|a8|ff|ff|00|89|00|89|00|3a|91|3c|45|70|01|10|00|01|00|00|00|00|00|00|20|41|42|41|43|46|50|46|50|45|4e|46|44|45|43|46|43|45|50|46|48|46|44|45|46|46|50|46|50|41|43|41|42|00|00|20|00|01|

+---------+---------------+----------+
17:28:28,405,797   ETHER
|0   |ff|ff|ff|ff|ff|ff|f0|2f|4b|0c|f6|2d|08|00|45|00|00|60|ec|57|00|00|40|11|0f|f9|c0|a8|fc|eb|c0|a8|ff|ff|00|89|00|89|00|4c|78|cb|45|6d|40|10|00|01|00|00|00|00|00|01|20|45|4e|45|42|45|44|45|43|45|50|45|50|45|4c|46|41|46|43|45|50|43|4e|45|47|44|47|44|43|45|45|41|41|00|00|20|00|01|c0|0c|00|20|00|01|00|00|03|84|00|06|60|00|c0|a8|fc|eb|

+---------+---------------+----------+
17:28:28,406,964   ETHER
|0   |01|00|5e|00|00|fb|e4|60|17|75|86|b8|08|00|45|00|00|44|74|a0|00|00|01|11|00|00|0a|25|87|72|e0|00|00|fb|14|e9|14|e9|00|30|19|11|00|00|00|00|00|01|00|00|00|00|00|00|0b|5f|67|6f|6f|67|6c|65|63|61|73|74|04|5f|74|63|70|05|6c|6f|63|61|6c|00|00|0c|00|01|

+---------+---------------+----------+
17:28:28,407,287   ETHER
|0   |33|33|00|00|00|fb|e4|60|17|75|86|b8|86|dd|60|07|28|55|00|30|11|01|fe|80|00|00|00|00|00|00|7e|28|56|1d|a1|1f|1a|3e|ff|02|00|00|00|00|00|00|00|00|00|00|00|00|00|fb|14|e9|14|e9|00|30|fd|81|00|00|00|00|00|01|00|00|00|00|00|00|0b|5f|67|6f|6f|67|6c|65|63|61|73|74|04|5f|74|63|70|05|6c|6f|63|61|6c|00|00|0c|00|01|

+---------+---------------+----------+
17:28:28,498,590   ETHER
|0   |ff|ff|ff|ff|ff|ff|f0|2f|4b|0c|f6|2d|08|00|45|00|00|60|0f|4e|00|00|40|11|ed|02|c0|a8|fc|eb|c0|a8|ff|ff|00|89|00|89|00|4c|8c|4e|45|6e|30|10|00|01|00|00|00|00|00|01|20|45|4e|45|42|45|44|45|43|45|50|45|50|45|4c|46|41|46|43|45|50|43|4e|45|47|44|47|44|43|45|45|41|41|00|00|20|00|01|c0|0c|00|20|00|01|00|00|00|00|00|06|60|00|c0|a8|fc|eb|

+---------+---------------+----------+
17:28:28,498,590   ETHER
|0   |ff|ff|ff|ff|ff|ff|f0|2f|4b|0c|f6|2d|08|00|45|00|00|4e|d7|f2|00|00|40|11|24|70|c0|a8|fc|eb|c0|a8|ff|ff|00|89|00|89|00|3a|91|3d|45|6f|01|10|00|01|00|00|00|00|00|00|20|41|42|41|43|46|50|46|50|45|4e|46|44|45|43|46|43|45|50|46|48|46|44|45|46|46|50|46|50|41|43|41|42|00|00|20|00|01|

+---------+---------------+----------+
17:28:28,513,570   ETHER
|0   |01|00|5e|7f|ff|fa|e4|60|17|75|86|b8|08|00|45|00|00|a5|27|15|00|00|04|11|00|00|0a|25|87|72|ef|ff|ff|fa|cf|0e|07|6c|00|91|b4|a1|4d|2d|53|45|41|52|43|48|20|2a|20|48|54|54|50|2f|31|2e|31|0d|0a|48|6f|73|74|3a|20|32|33|39|2e|32|35|35|2e|32|35|35|2e|32|35|30|3a|31|39|30|30|0d|0a|53|54|3a|20|75|72|6e|3a|73|63|68|65|6d|61|73|2d|75|70|6e|70|2d|6f|72|67|3a|64|65|76|69|63|65|3a|49|6e|74|65|72|6e|65|74|47|61|74|65|77|61|79|44|65|76|69|63|65|3a|31|0d|0a|4d|61|6e|3a|20|22|73|73|64|70|3a|64|69|73|63|6f|76|65|72|22|0d|0a|4d|58|3a|20|33|0d|0a|0d|0a|

+---------+---------------+----------+
17:28:28,597,936   ETHER
|0   |ff|ff|ff|ff|ff|ff|14|13|33|c5|1a|b9|08|00|45|00|00|48|3f|84|40|00|40|11|7b|93|c0|a8|fe|3c|c0|a8|ff|ff|e1|15|e1|15|00|34|4e|40|53|70|6f|74|55|64|70|30|ec|3e|ad|e6|8a|ce|3a|eb|00|01|00|04|48|95|c2|03|3a|3d|dd|39|90|2e|e2|cd|03|09|4e|38|b3|97|e2|70|08|83|02|55|

